15
19
20
23
24
27
28
31
31
33
35
38
39
41
44
45
47
48
51
51
54
55
56
59
60
61
63
63
63
67
68
71
71
73
76
78
79
79
81
83
84
87
88
89
91
92
92
95
95
96
99
99
102
103
103
105
107
108
108
110
111
112
113
115
115
116
118
119
120
120
121
123
124
124
126
127
128
129
131
132
135
135
137
139
140
140
143
143
143
145
147
147
150
151
152
152
153
155
156
156
158
159
159
159
161
163
163
164
166
167
167
168
169
171
172
172
174
175
175
176
176
177
179
179
179
180
182
183
183
184
184
184
185
185
187
187
188
188
188
190
190
191
191
192
192
193
195
195
195
196
196
198
199
199
199
199
199
200
200
201
201
201
203
203
203
204
204
204
204
204
204
204
204
204
206
204
204
203
201
200
200
199
199
198
198
196
196
195
195
195
195
194
193
193
192
192
192
192
192
192
192
192
192
192
192
192
192
190
190
188
188
188
187
187
185
185
184
184
184
184
184
183
183
182
182
182
180
180
180
179
179
179
179
179
179
179
179
177
177
177
177
177
176
176
176
176
176
176
176
176
176
176
176
176
176
176
176
176
176
176
176
176
176
176
176
176
176
176
176
175
175
175
174
174
174
172
172
172
172
172
172
172
172
172
172
172
171
171
171
171
171
171
169
169
169
169
169
169
169
169
169
168